0:{902750, (24,17,1), (9,19,15)}, 
1:{915250, (25,17,0), (9,25,15)}, 
2:{903250, (27,20,0), (9,19,15)}, 
3:{915750, (25,17,0), (9,25,15)}, 
4:{903750, (23,17,1), (9,19,15)}, 
5:{916250, (11,7,2), (9,14,14)}, 
6:{904250, (27,20,0), (9,19,15)}, 
7:{916750, (25,17,0), (9,14,14)}, 
8:{904750, (27,20,0), (9,19,15)}, 
9:{917250, (9,6,1), (9,14,14)}, 
10:{905250, (27,20,0), (9,19,15)}, 
11:{917750, (18,11,1), (9,14,14)}, 
12:{905750, (28,20,0), (10,25,15)}, 
13:{918250, (18,11,1), (9,27,15)}, 
14:{906250, (17,11,2), (10,25,15)}, 
15:{918750, (18,11,1), (9,27,15)}, 
16:{906750, (17,11,2), (9,21,15)}, 
17:{919250, (18,11,1), (9,29,15)}, 
18:{907250, (17,11,2), (9,21,15)}, 
19:{919750, (9,6,1), (9,29,15)}, 
20:{907750, (17,11,2), (9,21,15)}, 
21:{920250, (23,15,0), (9,29,15)}, 
22:{908250, (15,10,2), (9,21,15)}, 
23:{920750, (11,7,1), (9,29,15)}, 
24:{908750, (14,9,2), (9,21,15)}, 
25:{921250, (11,7,1), (9,29,15)}, 
26:{909250, (16,10,2), (9,21,15)}, 
27:{921750, (11,7,1), (9,29,15)}, 
28:{909750, (15,10,2), (9,22,15)}, 
29:{922250, (24,15,0), (9,29,15)}, 
30:{910250, (21,15,1), (9,22,15)}, 
31:{922750, (23,15,0), (9,30,15)}, 
32:{910750, (10,7,2), (9,22,15)}, 
33:{923250, (23,15,0), (9,30,15)}, 
34:{911250, (10,7,2), (9,22,15)}, 
35:{923750, (21,13,0), (9,30,15)}, 
36:{911750, (21,15,1), (9,22,15)}, 
37:{924250, (6,5,0), (9,30,15)}, 
38:{912250, (10,7,2), (9,22,15)}, 
39:{924750, (24,15,0), (9,30,15)}, 
40:{912750, (25,18,0), (9,8,13)}, 
41:{925250, (6,5,0), (9,30,15)}, 
42:{913250, (10,7,2), (9,8,13)}, 
43:{925750, (6,5,0), (9,30,15)}, 
44:{913750, (25,18,0), (9,8,13)}, 
45:{926250, (22,14,0), (9,30,15)}, 
46:{914250, (10,7,2), (9,25,15)}, 
47:{926750, (23,15,0), (9,30,15)}, 
48:{914750, (25,18,0), (9,25,15)}, 
49:{927250, (11,7,0), (9,30,15)},